Model: Logistic Regression
Accuracy: 0.81
Confusion Matrix:
[[ 180    0    0    5    0    0    0    1    0    0    0    2    0    0
     0    0    8   11    0    3    1]
 [   0  154    0    1    7    0    1    5    0    1    2    6    0    0
     2    0    1   27    0    2   12]
 [   0    0  243    5    0    0    0    7    0    1   14    1    1    1
     0    0   16    6    0    2   35]
 [   2    0    0  791    0    0    2    6    1    1    1    2    0    0
     2    0   13   22    0    5   12]
 [   0    0    2    1  171    0    0    1    0    0    6    0    0    0
     1    0   11    2    0    0   31]
 [   0    0    0    0    1    0    1    0    0    1    1    0    0    0
     0    0    0    0    0    1    1]
 [   0    1    0    2    0    0  350    1    2    5   26    0    0    6
     1    0   29    3    0    6   10]
 [   0    0    0    9    0    0    0  635    1    1    5    0    0    0
     2    0   18   10    0    2   13]
 [   0    0    0    0    1    0    6    6  155    5   33    1    5   11
     0    0   22   10    0    5    8]
 [   0    1    1    0    0    0   13    7    3  305   14    0   13    1
     2    0    7    7    0    5    4]
 [   1    0    9    7    2    0   10    9    8   14  612    1    7   11
     4    0   21   12    1   16   35]
 [   1    2    0    6    0    0    0    1    0    0    3  527    0    0
     0    0    5   38    0    5    3]
 [   0    0    1    8    3    0   20    6    2    9   12    3  100    0
     0    0   47    6    0    3   12]
 [   2    0    1    0    0    0    5    3   20    0   21    0    0  121
     0    0    9    7    0    1    0]
 [   1    6    2   27    6    0    4   31    4    7   23   16    0    4
     3    1   20   22    2   27   39]
 [   3    3    0    6    0    0    0    3    1    1    0   10    0    1
     0   17   10   43    1    1    4]
 [   0    0    3    8    4    0    5   18    6    3   13    8   17    0
     0    0  926   18    0    8   46]
 [   0    2    0   18    1    0    0    4    0    0    1   15    0    0
     1    4   24 1219    0    0   21]
 [   0    0    0    0    0    0    3    0    0    1    6    3    0    3
     1    0    1    3  187    1    3]
 [   0    1    0    2    0    0    7    0    3    1   13    1    2    0
     1    0   20   23    0  214   11]
 [   0    1   14   12    9    0    2   12    2    5   18    0    3    2
     0    0   40   22    1    8 1096]]
Classification Report:
                 precision    recall  f1-score   support

        alcohol       0.95      0.85      0.90       211
         babies       0.90      0.70      0.79       221
         bakery       0.88      0.73      0.80       332
      beverages       0.87      0.92      0.89       860
      breakfast       0.83      0.76      0.79       226
           bulk       0.00      0.00      0.00         6
   canned goods       0.82      0.79      0.80       442
     dairy eggs       0.84      0.91      0.87       696
           deli       0.75      0.58      0.65       268
dry goods pasta       0.84      0.80      0.82       383
         frozen       0.74      0.78      0.76       780
      household       0.88      0.89      0.89       591
  international       0.68      0.43      0.53       232
   meat seafood       0.75      0.64      0.69       190
        missing       0.15      0.01      0.02       245
          other       0.77      0.16      0.27       104
         pantry       0.74      0.86      0.79      1083
  personal care       0.81      0.93      0.86      1310
           pets       0.97      0.88      0.93       212
        produce       0.68      0.72      0.70       299
         snacks       0.78      0.88      0.83      1247

       accuracy                           0.81      9938
      macro avg       0.74      0.68      0.69      9938
   weighted avg       0.79      0.81      0.79      9938

==================================================
Model: Decision Tree
Accuracy: 0.73
Confusion Matrix:
[[ 174    0    1    3    0    0    1    2    0    4    0    1    0    2
     2    1    1   10    1    6    2]
 [   0  144    0    1    8    0    1    6    0    5    9    3    0    0
     5    1    1   19    1    6   11]
 [   1    2  238    3    6    0    0    7    3    1   21    0    2    1
     3    2    5    6    0    2   29]
 [   1    4    0  750    0    0    2   10    0    2    6    1    2    1
    19    2   13   28    0   10    9]
 [   0    7    2    3  168    1    0    2    0    2    4    0    1    0
     2    0    6    4    0    2   22]
 [   0    0    0    0    1    0    2    0    0    1    1    0    0    0
     0    0    0    0    0    0    1]
 [   0    4    1    3    0    0  304    4   10   10   28    4   10    6
     8    1   21    4    0   17    7]
 [   0    2    3   14    0    0    1  575    5    6    9    0    3    1
    14    1   18   16    0    5   23]
 [   0    2    0    0    0    0    6    7  144    6   26    0    5   19
     5    1   18   12    4    6    7]
 [   0    3    6    0    0    1   13    7    8  267   24    1   11    1
     9    1   10    6    0   10    5]
 [   1    4   13   10    3    0    6   13   19   25  534    6   10   22
    11    4   23   15    4   26   31]
 [   1    4    3    6    0    0    0    3    0    0    6  488    2    1
    15    3    5   49    1    1    3]
 [   0    1    3    6    2    0   20    5    5   17   20    4   86    1
     1    1   37    5    1    3   14]
 [   0    1    2    0    0    0    7    4   22    0   33    1    0  103
     1    1    3    8    1    2    1]
 [   1    5    5   22    5    0    6   20    9   11   17   12    1    5
    27    1   20   24    2   21   31]
 [   4    6    1    3    0    0    1    4    1    0    1   10    1    1
     3   15    8   39    0    0    6]
 [   2    1   12    7    8    0   12   24   29    6   14   13   35    0
    13    5  786   35    2   29   50]
 [   3   10    2   25    2    0    1    6    1    0    5   36    1    0
    13   25   34 1115    0    3   28]
 [   0    0    0    0    0    0    2    2    0    5    9    3    0    0
     3    0    1    4  180    1    2]
 [   2    6    1    5    0    0    6    1    7    2   18    2    2    0
     8    0   23   21    0  184   11]
 [   2    6   30   16   21    0    9   17    2   17   30    2   11    2
    25    6   50   37    1   26  937]]
Classification Report:
                 precision    recall  f1-score   support

        alcohol       0.91      0.82      0.86       211
         babies       0.68      0.65      0.67       221
         bakery       0.74      0.72      0.73       332
      beverages       0.86      0.87      0.86       860
      breakfast       0.75      0.74      0.75       226
           bulk       0.00      0.00      0.00         6
   canned goods       0.76      0.69      0.72       442
     dairy eggs       0.80      0.83      0.81       696
           deli       0.54      0.54      0.54       268
dry goods pasta       0.69      0.70      0.69       383
         frozen       0.66      0.68      0.67       780
      household       0.83      0.83      0.83       591
  international       0.47      0.37      0.41       232
   meat seafood       0.62      0.54      0.58       190
        missing       0.14      0.11      0.12       245
          other       0.21      0.14      0.17       104
         pantry       0.73      0.73      0.73      1083
  personal care       0.77      0.85      0.81      1310
           pets       0.91      0.85      0.88       212
        produce       0.51      0.62      0.56       299
         snacks       0.76      0.75      0.76      1247

       accuracy                           0.73      9938
      macro avg       0.63      0.62      0.63      9938
   weighted avg       0.72      0.73      0.72      9938

==================================================
Model: Random Forest
Accuracy: 0.80
Confusion Matrix:
[[ 183    0    0    3    0    0    0    3    0    3    0    2    0    0
     0    0    4    0    1   12    0]
 [   0  157    0    3    4    0    0    8    0    2    5    3    0    1
     1    0    1   20    0    4   12]
 [   1    0  249    3    0    0    0    8    3    1   14    0    0    1
     3    0    9    0    0    6   34]
 [   1    0    0  795    0    0    1   11    1    1    1    3    1    0
     4    0   10   12    0    9   10]
 [   0    1    2    1  183    0    0    3    0    1    1    0    0    0
     0    0    5    2    1    1   25]
 [   0    0    0    0    1    0    1    0    0    1    1    0    0    0
     0    0    0    0    0    1    1]
 [   1    1    1    4    0    0  341    2    2    7   16    1    6    3
     0    0   27    4    0   14   12]
 [   1    0    1    9    0    0    0  637    0    1    2    0    0    0
     3    0   17    4    0    9   12]
 [   1    0    1    0    1    0    9    8  160    5   29    1    2   12
     1    1   16    2    0   14    5]
 [   0    1    3    0    0    1   12    7    3  298   18    0   12    1
     4    0    9    2    0    7    5]
 [   3    0   12    8    2    0    7   11   10   18  589    5    9   17
     2    1   13    6    1   32   34]
 [   2    4    1    6    0    0    0    3    0    0    2  533    0    0
     2    2    3   27    0    5    1]
 [   1    0    3    7    1    0   23    4    6    9   11    5  104    1
     2    0   36    0    0    7   12]
 [   1    0    1    1    0    0    5    3   20    0   24    0    1  124
     0    0    5    0    2    3    0]
 [   1    6    3   26    6    0    5   33    7   10   21   12    1    5
     9    1   16   18    2   24   39]
 [   4    3    0    6    0    0    0    4    0    1    2   11    1    1
     1   16    8   34    0    6    6]
 [   4    0    7    7    5    0    5   18   16    5   12   14   24    2
     1    3  877    8    1   28   46]
 [   1    0    0   20    1    0    0    6    0    0    2   25    1    0
     2    7   28 1187    0   11   19]
 [   0    0    0    0    0    0    2    0    0    3    6    3    0    1
     0    0    1    2  191    2    1]
 [   1    0    1    2    0    0    6    1    3    1    9    2    0    0
     4    0   17    3    0  237   12]
 [   4    2   17   19    9    1    4   16    1    7   17    2    4    2
     4    1   40    7    1   20 1069]]
Classification Report:
                 precision    recall  f1-score   support

        alcohol       0.87      0.87      0.87       211
         babies       0.90      0.71      0.79       221
         bakery       0.82      0.75      0.79       332
      beverages       0.86      0.92      0.89       860
      breakfast       0.86      0.81      0.83       226
           bulk       0.00      0.00      0.00         6
   canned goods       0.81      0.77      0.79       442
     dairy eggs       0.81      0.92      0.86       696
           deli       0.69      0.60      0.64       268
dry goods pasta       0.80      0.78      0.79       383
         frozen       0.75      0.76      0.75       780
      household       0.86      0.90      0.88       591
  international       0.63      0.45      0.52       232
   meat seafood       0.73      0.65      0.69       190
        missing       0.21      0.04      0.06       245
          other       0.50      0.15      0.24       104
         pantry       0.77      0.81      0.79      1083
  personal care       0.89      0.91      0.90      1310
           pets       0.95      0.90      0.93       212
        produce       0.52      0.79      0.63       299
         snacks       0.79      0.86      0.82      1247

       accuracy                           0.80      9938
      macro avg       0.72      0.68      0.69      9938
   weighted avg       0.79      0.80      0.79      9938

==================================================
Model: KNN
Accuracy: 0.78
Confusion Matrix:
[[ 189    0    0    5    1    0    0    3    0    0    0    1    0    0
     0    0    5    4    0    3    0]
 [   0  163    1    4    4    0    2    4    0    3    4    5    0    0
     1    0    1   16    0    5    8]
 [   1    0  267    2    3    0    1    6    1    0   14    0    0    1
     0    0   13    2    0    1   20]
 [   1    0    1  801    0    0    3   10    0    2    0    1    0    0
     2    1    9    9    0   12    8]
 [   0    1    5    7  173    0    1    2    0    1    3    0    0    0
     1    1    6    0    0    1   24]
 [   0    0    0    0    1    1    0    0    0    2    0    0    0    0
     0    0    0    0    0    2    0]
 [   0    1    1    7    0    0  366    2    4    9   15    0    5    5
     0    0   17    0    0    5    5]
 [   1    0    4   17    1    0    7  630    2    0    7    0    0    0
     3    0   12    2    0    3    7]
 [   1    0    4    2    0    0   12    3  156    9   22    1    5   12
     0    0   17    7    0    5   12]
 [   0    0    5    0    0    0   16   10    5  305   11    0   10    1
     3    0    7    0    0    4    6]
 [   4    4   22   19    4    0    9   19   19   22  572    1   10   11
     5    1   11    3    1   19   24]
 [   5    6    1    3    0    1    1    2    1    0    2  538    0    0
     6    3    7   13    0    2    0]
 [   1    1    3   11    3    0   15    4    6   10   16    3  114    2
     1    0   29    3    1    0    9]
 [   1    0    4    0    1    0    6    3   20    1   23    0    1  124
     0    0    0    2    2    1    1]
 [   2    6    3   32    5    0    6   37    6   10   18   16    2    3
     9    1   16   14    3   22   34]
 [   5    5    1   11    0    0    0    5    1    0    1    9    0    1
     0   23   10   25    0    0    7]
 [   2    1   16   20   11    1   17   21   14    5   14    9   30    4
     4    0  860    6    0   15   33]
 [   1   10    4   34    3    0    3   11    1    1    3   24    2    0
     1   19   29 1139    0    5   20]
 [   0    0    3    1    0    0    3    0    1    0    1    3    0    2
     0    0    0    2  195    0    1]
 [   2    4    7   19    1    0    9    3    7    3   17    0    0    0
     3    0   15    9    0  192    8]
 [   3    7   34   27   20    4    8   39    6   10   29    3   11    3
     6    2   54   20    2   11  948]]
Classification Report:
                 precision    recall  f1-score   support

        alcohol       0.86      0.90      0.88       211
         babies       0.78      0.74      0.76       221
         bakery       0.69      0.80      0.74       332
      beverages       0.78      0.93      0.85       860
      breakfast       0.75      0.77      0.76       226
           bulk       0.14      0.17      0.15         6
   canned goods       0.75      0.83      0.79       442
     dairy eggs       0.77      0.91      0.83       696
           deli       0.62      0.58      0.60       268
dry goods pasta       0.78      0.80      0.79       383
         frozen       0.74      0.73      0.74       780
      household       0.88      0.91      0.89       591
  international       0.60      0.49      0.54       232
   meat seafood       0.73      0.65      0.69       190
        missing       0.20      0.04      0.06       245
          other       0.45      0.22      0.30       104
         pantry       0.77      0.79      0.78      1083
  personal care       0.89      0.87      0.88      1310
           pets       0.96      0.92      0.94       212
        produce       0.62      0.64      0.63       299
         snacks       0.81      0.76      0.78      1247

       accuracy                           0.78      9938
      macro avg       0.69      0.69      0.69      9938
   weighted avg       0.77      0.78      0.77      9938

==================================================
Model: SVM
Accuracy: 0.83
Confusion Matrix:
[[ 185    0    0    1    0    0    0    1    0    0    0    0    0    0
     0    0   10   10    0    2    2]
 [   0  167    0    1    3    0    0    5    0    0    4    2    0    0
     1    0    0   24    0    1   13]
 [   0    0  253    0    1    0    0    5    0    0   13    1    2    1
     0    0   10    4    0    0   42]
 [   2    0    0  799    0    0    2    9    1    1    1    2    0    0
     1    0   10   20    0    2   10]
 [   0    0    2    1  182    0    0    1    0    0    1    0    0    0
     0    0    7    1    0    0   31]
 [   0    0    0    0    1    0    1    0    0    2    0    0    0    0
     0    0    0    0    0    1    1]
 [   0    1    0    1    0    0  357    0    3    7   22    0    4    3
     0    0   30    2    0    6    6]
 [   0    0    0    9    0    0    0  641    0    0    5    0    0    0
     3    0   16    8    0    1   13]
 [   0    0    0    0    0    0    6    2  161    7   33    1    4   10
     1    0   18    8    0    5   12]
 [   0    0    1    0    0    0    9    5    2  325    9    0   12    2
     0    0    7    5    0    2    4]
 [   1    0   10    7    1    0    2    4    6   16  638    1    7    8
     2    0   17   10    0   15   35]
 [   1    2    0    4    0    0    0    1    0    0    2  539    0    0
     1    0    5   31    0    2    3]
 [   0    0    1    5    1    0   17    4    2    6   13    2  115    0
     0    0   45    5    0    2   14]
 [   0    0    1    0    0    0    5    2   17    0   27    0    0  127
     0    0    6    4    0    0    1]
 [   1    6    2   28    7    0    5   31    6    7   23   17    0    2
     9    0   16   20    2   23   40]
 [   4    4    0    4    0    0    0    4    1    1    0    8    1    1
     1   17   11   42    0    0    5]
 [   2    0    2    7    4    0    4   12    5    3    8    6   17    0
     0    0  959   11    0    8   35]
 [   0    3    0   17    1    0    0    2    0    0    0    6    0    0
     0    2   15 1245    0    1   18]
 [   0    0    0    0    0    0    1    0    0    1    8    4    0    1
     0    0    2    3  189    0    3]
 [   0    1    1    0    0    0    3    0    3    0   10    1    3    0
     5    0   20    9    0  233   10]
 [   1    1   20    9    3    0    3    7    3    7   15    0    3    3
     1    1   23   12    1    4 1130]]
Classification Report:
                 precision    recall  f1-score   support

        alcohol       0.94      0.88      0.91       211
         babies       0.90      0.76      0.82       221
         bakery       0.86      0.76      0.81       332
      beverages       0.89      0.93      0.91       860
      breakfast       0.89      0.81      0.85       226
           bulk       0.00      0.00      0.00         6
   canned goods       0.86      0.81      0.83       442
     dairy eggs       0.87      0.92      0.90       696
           deli       0.77      0.60      0.67       268
dry goods pasta       0.85      0.85      0.85       383
         frozen       0.77      0.82      0.79       780
      household       0.91      0.91      0.91       591
  international       0.68      0.50      0.57       232
   meat seafood       0.80      0.67      0.73       190
        missing       0.36      0.04      0.07       245
          other       0.85      0.16      0.27       104
         pantry       0.78      0.89      0.83      1083
  personal care       0.84      0.95      0.89      1310
           pets       0.98      0.89      0.94       212
        produce       0.76      0.78      0.77       299
         snacks       0.79      0.91      0.84      1247

       accuracy                           0.83      9938
      macro avg       0.78      0.71      0.72      9938
   weighted avg       0.82      0.83      0.82      9938

==================================================
Model: MultinomialNB
Accuracy: 0.73
Confusion Matrix:
[[ 110    0    0   35    0    0    0    4    0    0    1    1    0    0
     0    0   29    7    1    1   22]
 [   0  108    0    7    2    0    0   10    0    0    9    4    0    0
     0    0    5   47    0    0   29]
 [   0    0  160    6    0    0    0    7    0    1   24    2    0    1
     0    0   49    1    0    0   81]
 [   0    0    0  807    0    0    1    7    0    0    0    0    0    0
     0    0    8   15    0    0   22]
 [   0    0    1    1   95    0    0    1    0    0    4    0    0    0
     0    0   20    1    0    0  103]
 [   0    0    0    0    0    0    2    1    0    1    0    0    0    0
     0    0    0    0    0    0    2]
 [   0    0    0   13    0    0  301    2    0    2   36    0    0    1
     0    0   57    3    0    3   24]
 [   0    0    0   13    0    0    0  593    0    0   12    0    0    0
     0    0   32    3    0    0   43]
 [   0    0    0    1    0    0    5    3   73    3   60    1    1    3
     0    0   76    3    0    0   39]
 [   0    0    1    0    0    0   18    5    0  242   48    0    6    1
     0    0   32    2    0    1   27]
 [   0    1    1   14    1    0    4    5    0   10  618    1    1    1
     0    0   30    4    0    5   84]
 [   0    1    0    7    0    0    1    0    0    0    2  497    0    0
     0    0    8   62    0    2   11]
 [   0    0    0    6    0    0   25    4    0   17   19    3   35    0
     0    0   91    2    0    0   30]
 [   0    0    1    3    0    0    8    0   11    0   77    0    0   62
     0    0   18    2    0    0    8]
 [   1    2    0   36    2    0    3   32    1    7   30   13    1    3
     0    0   22   17    2   14   59]
 [   2    0    0    9    0    0    0    3    0    1    0    8    0    1
     0    3   15   52    0    0   10]
 [   0    0    1   12    1    0    1   13    1    1   22    5    2    0
     0    0  908   16    0    1   99]
 [   0    0    0   15    0    0    0    6    0    0    3   13    0    0
     0    0   23 1221    0    0   29]
 [   0    0    0    0    0    0    0    0    0    0    9    4    0    0
     0    0    0    5  180    0   14]
 [   0    1    0   34    0    0    6    1    0    1   27    0    2    0
     0    0   48    6    0  128   45]
 [   0    0    1   18    0    0    1    7    0    0   16    0    1    0
     0    0   30    8    1    2 1162]]
Classification Report:
                 precision    recall  f1-score   support

        alcohol       0.97      0.52      0.68       211
         babies       0.96      0.49      0.65       221
         bakery       0.96      0.48      0.64       332
      beverages       0.78      0.94      0.85       860
      breakfast       0.94      0.42      0.58       226
           bulk       0.00      0.00      0.00         6
   canned goods       0.80      0.68      0.74       442
     dairy eggs       0.84      0.85      0.85       696
           deli       0.85      0.27      0.41       268
dry goods pasta       0.85      0.63      0.72       383
         frozen       0.61      0.79      0.69       780
      household       0.90      0.84      0.87       591
  international       0.71      0.15      0.25       232
   meat seafood       0.85      0.33      0.47       190
        missing       0.00      0.00      0.00       245
          other       1.00      0.03      0.06       104
         pantry       0.60      0.84      0.70      1083
  personal care       0.83      0.93      0.88      1310
           pets       0.98      0.85      0.91       212
        produce       0.82      0.43      0.56       299
         snacks       0.60      0.93      0.73      1247

       accuracy                           0.73      9938
      macro avg       0.75      0.54      0.58      9938
   weighted avg       0.75      0.73      0.71      9938

==================================================
